1764757961.901789665
1764757961.967988253
1764757962.031977177
1764757962.095991850
1764757962.158260107
1764757962.220963955
1764757962.283966064
1764757962.346260071
1764757962.408030748
1764757962.470160484
1764757962.531691074
1764757962.593886614
1764757962.656103134
1764757962.718003988
1764757962.780405998
1764757962.842244148
1764757962.903851271
1764757962.966308832
1764757963.029434204
1764757963.091142416
1764757963.153284073
1764757963.215151310
1764757963.276809692
1764757963.338777304
1764757963.400754690
1764757963.462728024
1764757963.524537563
1764757963.587243080
1764757963.649634838
1764757963.712137222
1764757963.775484324
1764757963.838973761
1764757963.901477575
1764757963.963934660
1764757964.025669575
1764757964.089229345
1764757964.152030706
1764757964.216066837
1764757964.279880285
1764757964.344146252
1764757964.409061432
1764757964.472940207
1764757964.538000584
1764757964.602785587
1764757964.666939020
1764757964.732701302
1764757964.797558546
1764757964.862505436
1764757964.927582741
1764757964.992902040
1764757965.061362267
1764757965.129091263
1764757965.203636646
1764757965.268255711
1764757965.332777739
1764757965.395087719
1764757965.457342625
1764757965.519458532
1764757965.581409454
1764757965.643493414
1764757965.706555367
1764757965.768508434
1764757965.831314087
1764757965.894065380
1764757965.956045151
1764757966.017912865
1764757966.080487251
1764757966.142635345
1764757966.204843760
1764757966.267174006
1764757966.331303835
1764757966.394846916
1764757966.459365368
1764757966.523608208
1764757966.587263346
1764757966.650309086
1764757966.712949514
1764757966.777815342
1764757966.839430332
1764757966.901494265
1764757966.961976528
1764757967.023083210
1764757967.084241867
1764757967.146201134
1764757967.208798647
1764757967.271610737
1764757967.333486319
1764757967.395644426
1764757967.459111452
1764757967.522828579
1764757967.586524010
1764757967.649595022
1764757967.711316586
1764757967.773243189
1764757967.835974455
1764757967.898375511
1764757967.961063147
1764757968.023923159
1764757968.087085009
1764757968.150512934
1764757968.213183641
1764757968.275588036
1764757968.339566946
1764757968.402100801
1764757968.465739250
1764757968.529157877
1764757968.591894627
1764757968.655964136
1764757968.719494343
1764757968.782511711
1764757968.846790314
1764757968.911184311
1764757968.977698326
1764757969.040665627
1764757969.104918957
1764757969.169096947
1764757969.231817722
1764757969.295125961
1764757969.359035969
1764757969.421425581
1764757969.484277010
1764757969.547848463
1764757969.610860586
1764757969.673334599
1764757969.735556364
1764757969.798338652
1764757969.861618996
1764757969.925568581
1764757969.988731623
1764757970.052458763
1764757970.117025375
1764757970.189500332
1764757970.254420519
1764757970.320280790
1764757970.385784864
1764757970.449040174
1764757970.511377811
1764757970.574510098
1764757970.637228012
1764757970.700014114
1764757970.765206575
1764757970.830270052
1764757970.894385099
1764757970.958954811
1764757971.025731087
1764757971.090148211
1764757971.155486107
1764757971.220116854
1764757971.284651041
1764757971.349959373
1764757971.414178848
1764757971.478904486
1764757971.544161320
1764757971.608809233
1764757971.673242092
1764757971.738246441
1764757971.803332806
1764757971.866878510
1764757971.930080652
1764757971.993757010
1764757972.057393074
1764757972.121279955
1764757972.185040474
1764757972.248276472
1764757972.311167240
1764757972.373643160
1764757972.436987638
1764757972.503280401
1764757972.568516493
1764757972.634201050
1764757972.699332952
1764757972.764336586
1764757972.829561234
1764757972.894249916
1764757972.960903168
1764757973.026820183
1764757973.094423771
1764757973.160642862
1764757973.226821899
1764757973.292540073
1764757973.357543230
1764757973.420559168
1764757973.484660387
1764757973.547042370
1764757973.609633207
1764757973.673137665
1764757973.735276699
1764757973.797492981
1764757973.859172821
1764757973.920496702
1764757973.981816053
1764757974.042765617
1764757974.104795218
1764757974.167437315
1764757974.233187437
1764757974.295792341
1764757974.357848644
1764757974.420781374
1764757974.484200478
1764757974.546907187
1764757974.608863592
1764757974.670634985
1764757974.731880188
1764757974.793409109
1764757974.854762316
1764757974.916908503
1764757974.979428530
1764757975.041813612
1764757975.103872538
1764757975.167629004
1764757975.238257170
1764757975.301097393
1764757975.363048553
1764757975.424641371
1764757975.486608982
1764757975.549782753
1764757975.613043308
1764757975.678503275
1764757975.743128061
1764757975.806416035
1764757975.871001959
1764757975.934045553
1764757975.998605251
1764757976.062194347
1764757976.124199390
1764757976.186820507
1764757976.248727322
1764757976.310395479
1764757976.372875214
1764757976.435954094
1764757976.497729063
1764757976.559280872
1764757976.621216536
1764757976.683641672
1764757976.747054338
1764757976.811082840
1764757976.875102997
1764757976.939187050
1764757977.003257513
1764757977.067115545
1764757977.130483627
1764757977.194326878
1764757977.258082151
1764757977.323322058
1764757977.388380766
1764757977.453287601
1764757977.517732143
1764757977.582528114
1764757977.648029804
1764757977.712859869
1764757977.777717352
1764757977.840747833
1764757977.903871775
1764757977.966259241
1764757978.028247356
1764757978.090354681
1764757978.153478622
1764757978.214774132
1764757978.277576208
1764757978.340586662
1764757978.403756380
1764757978.465978622
1764757978.527644396
1764757978.589123011
1764757978.650789976
1764757978.713072300
1764757978.775702477
1764757978.837389708
1764757978.900586843
1764757978.963518381
1764757979.025631666
1764757979.088788748
1764757979.151715040
1764757979.213517904
1764757979.274874687
1764757979.338008881
1764757979.398714781
1764757979.459935665
1764757979.521899939
1764757979.584280014
1764757979.649346828
1764757979.711919785
1764757979.773170471
1764757979.834467649
1764757979.897422791
1764757979.958966017
1764757980.021003246
1764757980.082616568
1764757980.144038916
1764757980.206113815
1764757980.268396616
1764757980.331749201
1764757980.394077778
1764757980.456981897
1764757980.520684242
1764757980.584882975
1764757980.647625923
1764757980.710508347
1764757980.773308516
1764757980.836173773
1764757980.899432898
1764757980.962610006
1764757981.026897430
1764757981.090938330
1764757981.154267550
1764757981.218426228
1764757981.281974792
1764757981.345726967
1764757981.410820723
1764757981.474922895
1764757981.539180756
1764757981.603238583
1764757981.666893005
1764757981.731445551
1764757981.795480490
1764757981.858910799
1764757981.922863007
1764757981.987315416
1764757982.052510023
1764757982.117164612
1764757982.181509972
1764757982.245683432
1764757982.310877323
1764757982.375731945
1764757982.441791534
1764757982.507212639
1764757982.573331118
1764757982.638105154
1764757982.704009771
1764757982.769910574
1764757982.835902214
1764757982.901656151
1764757982.968142986
1764757983.034119129
1764757983.101302862
1764757983.169291019
1764757983.234935045
1764757983.300857067
1764757983.367838860
1764757983.434516191
1764757983.508751392
1764757983.575423479
1764757983.641045094
1764757983.706305504
1764757983.771295071
1764757983.835099936
1764757983.898108721
1764757983.962921381
1764757984.026182413
1764757984.090639830
1764757984.153718472
1764757984.216390133
1764757984.278809547
1764757984.341651201
1764757984.404304266
1764757984.466699600
1764757984.529549360
1764757984.591959238
1764757984.654721498
1764757984.718433619
1764757984.781082392
1764757984.843554258
1764757984.905719995
1764757984.968323946
1764757985.031476021
1764757985.093724012
1764757985.155323505
1764757985.217146397
1764757985.279441357
1764757985.341092587
1764757985.402252436
1764757985.464452267
1764757985.526124954
1764757985.588145733
1764757985.650007486
1764757985.711897850
1764757985.775846004
1764757985.839195967
1764757985.900731087
1764757985.962474823
1764757986.024017096
1764757986.085730553
1764757986.147758007
1764757986.210573673
1764757986.274224281
1764757986.336745262
1764757986.399009943
1764757986.460293293
1764757986.522337675
1764757986.584204912
1764757986.646373034
1764757986.708237171
1764757986.770511866
1764757986.833410978
1764757986.895273209
1764757986.957324982
1764757987.019525528
1764757987.082261086
1764757987.145008802
1764757987.208892822
1764757987.271374702
1764757987.334698677
1764757987.398412466
1764757987.462182760
1764757987.526080608
1764757987.589504957
1764757987.653739214
1764757987.718408346
1764757987.782563925
1764757987.846628666
1764757987.909928799
1764757987.973314762
1764757988.036978483
1764757988.100358725
1764757988.164005995
1764757988.227465868
1764757988.291736364
1764757988.354888439
1764757988.418715239
1764757988.481857538
1764757988.545003891
1764757988.608540535
1764757988.672223568
1764757988.736525059
1764757988.800123453
1764757988.864038467
1764757988.927401304
1764757988.991647005
1764757989.055836678
1764757989.119587898
1764757989.182262421
1764757989.244293690
1764757989.307697058
1764757989.370529175
1764757989.433907270
1764757989.498288393
1764757989.563157797
1764757989.627804041
1764757989.691986322
1764757989.756446838
1764757989.821906805
1764757989.886517048
1764757989.951492071
1764757990.016889811
1764757990.083722591
1764757990.151687622
1764757990.216924906
1764757990.282462120
1764757990.347568989
1764757990.414188147
1764757990.480654240
1764757990.545232296
1764757990.609804869
1764757990.673812389
1764757990.739948988
1764757990.803460121
1764757990.867091179
1764757990.929589033
1764757990.992310286
1764757991.055444717
1764757991.119860172
1764757991.183765650
1764757991.245250702
1764757991.306632996
1764757991.368446827
1764757991.431597233
1764757991.494748116
1764757991.557957411
1764757991.620785475
1764757991.684801579
1764757991.751144409
1764757991.817493677
1764757991.884436369
1764757991.949491739
1764757992.013775110
1764757992.078336239
1764757992.144054174
1764757992.208517551
1764757992.272423744
1764757992.335556507
1764757992.398051739
1764757992.461170435
1764757992.524295092
1764757992.587958574
1764757992.651240349
1764757992.714855671
1764757992.780892611
1764757992.844077587
1764757992.907867432
1764757992.971096754
1764757993.034391880
1764757993.099646091
1764757993.163900375
1764757993.227822065
1764757993.292147160
1764757993.358246326
1764757993.423372030
1764757993.489507914
1764757993.554740429
1764757993.620958090
1764757993.686157465
1764757993.751456499
1764757993.817524910
1764757993.886898279
1764757993.952421188
1764757994.018873453
1764757994.083943844
1764757994.149159908
1764757994.215247154
1764757994.280401945
1764757994.345000505
1764757994.410745144
1764757994.475311518
1764757994.542234421
1764757994.607483864
1764757994.672459841
1764757994.736866474
1764757994.801746845
1764757994.867712259
1764757994.933961153
1764757994.999125242
1764757995.064197063
1764757995.131079197
1764757995.196790695
1764757995.262320757
1764757995.326792002
1764757995.392039061
1764757995.456620693
1764757995.521220684
1764757995.586022854
1764757995.651167154
1764757995.715370893
1764757995.779384613
1764757995.843223810
1764757995.907514572
1764757995.972296476
1764757996.036689043
1764757996.101091623
1764757996.165672302
1764757996.230847120
1764757996.296481371
1764757996.361865044
1764757996.427408218
1764757996.492676497
1764757996.557452917
1764757996.622169971
1764757996.687037945
1764757996.751977205
1764757996.816205263
1764757996.880467892
1764757996.944749117
1764757997.009181976
1764757997.074905872
1764757997.139966488
1764757997.204739332
1764757997.269191027
1764757997.336774111
1764757997.401008606
1764757997.465347290
1764757997.529457092
1764757997.594312906
1764757997.659139395
1764757997.723906755
1764757997.789383411
1764757997.854699612
1764757997.919611692
1764757997.984241247
1764757998.048387051
1764757998.113096714
1764757998.178958893
1764757998.243239403
1764757998.308406830
1764757998.372641325
1764757998.437179327
1764757998.502053976
1764757998.566140175
1764757998.629625320
1764757998.693393707
1764757998.756754160
1764757998.821145773
1764757998.885362864
1764757998.949173212
1764757999.012621164
1764757999.075325727
1764757999.138571262
1764757999.203312874
1764757999.267156839
1764757999.330600739
1764757999.394582033
1764757999.458397388
1764757999.521903515
1764757999.584880114
1764757999.648569345
1764757999.712049007
1764757999.775492430
1764757999.838927269
1764757999.902271986
1764757999.965994596
1764758000.029857874
1764758000.093586206
1764758000.158756495
1764758000.223362923
1764758000.288536310
1764758000.352872372
1764758000.417262793
1764758000.482567787
1764758000.547249079
1764758000.611716747
1764758000.675088406
1764758000.738556147
1764758000.801635504
1764758000.865164518
1764758000.928380728
1764758000.992086887
1764758001.055551767
1764758001.119877815
1764758001.183326006
1764758001.247203588
1764758001.310682297
1764758001.374537945
1764758001.438158751
1764758001.502977848
1764758001.566357136
1764758001.629597902
1764758001.693348646
1764758001.756955862
1764758001.819994926
1764758001.883288860
1764758001.946948767
1764758002.009613991
1764758002.072477102
1764758002.135767221
1764758002.197614670
1764758002.259132147
1764758002.321502209
1764758002.383301258
1764758002.444885492
1764758002.506789207
1764758002.567910910
1764758002.629009247
1764758002.690121651
1764758002.751570463
1764758002.812010765
1764758002.872427702
1764758002.933438063
1764758002.994791985
1764758003.056301117
1764758003.118609667
1764758003.183326006
1764758003.247785330
1764758003.311215878
1764758003.374447346
1764758003.437424898
1764758003.499654293
1764758003.561866999
1764758003.624168634
1764758003.685308218
1764758003.746317148
1764758003.806758881
1764758003.867049217
1764758003.927555799
1764758003.988287926
1764758004.049059391
1764758004.110104799
1764758004.170892239
1764758004.231009245
1764758004.291051626
1764758004.350738287
1764758004.409878492
1764758004.469007015
1764758004.530387878
1764758004.591061831
1764758004.652477503
1764758004.714214802
1764758004.776791811
1764758004.839475155
1764758004.901448011
1764758004.963143349
1764758005.024876118
1764758005.086314917
1764758005.148791075
1764758005.211570978
1764758005.274740219
1764758005.338585854
1764758005.401012421
1764758005.464468718
1764758005.528996944
1764758005.591079235
1764758005.654089689
1764758005.719177961
1764758005.781660080
1764758005.843835831
1764758005.907417536
1764758005.970231771
1764758006.034078836
1764758006.096599340
1764758006.159314632
1764758006.222335577
1764758006.285140991
1764758006.348112583
1764758006.411182165
1764758006.472733021
1764758006.534718275
1764758006.596189737
1764758006.658177137
1764758006.721204519
1764758006.782869101
1764758006.845432758
1764758006.907362461
1764758006.970497131
1764758007.041494608
1764758007.104239464
1764758007.166501045
1764758007.227840424
1764758007.289539814
1764758007.351404428
1764758007.412685633
1764758007.474757910
1764758007.537599802
1764758007.599139214
1764758007.661309719
1764758007.723603010
1764758007.785187721
1764758007.846738577
1764758007.908923626
1764758007.971403599
1764758008.033354521
1764758008.095706701
1764758008.158570051
1764758008.222100735
1764758008.284187078
1764758008.347153902
1764758008.411200285
1764758008.473179102
1764758008.535424948
1764758008.598749161
1764758008.660953999
1764758008.723028660
1764758008.787460327
1764758008.850309849
1764758008.912741661
1764758008.975005388
1764758009.038211584
1764758009.100966692
1764758009.164277554
1764758009.227982521
1764758009.291622400
1764758009.356230259
1764758009.419905186
1764758009.483585358
1764758009.548532248
1764758009.611407757
1764758009.674928188
1764758009.738214970
1764758009.802702188
1764758009.866765738
1764758009.931096554
1764758009.995876312
1764758010.059813976
1764758010.124322653
1764758010.188649893
1764758010.252988577
1764758010.320652008
1764758010.385204315
1764758010.450042486
1764758010.514010906
1764758010.578542233
1764758010.643123865
1764758010.707910061
1764758010.772740841
1764758010.838274002
1764758010.904192686
1764758010.968267441
1764758011.031725407
1764758011.095822334
1764758011.158781767
1764758011.221436501
1764758011.283913136
1764758011.348103523
1764758011.412488222
1764758011.475424290
1764758011.537923098
1764758011.600349665
1764758011.664475918
1764758011.727480650
1764758011.790260553
1764758011.853167295
1764758011.917058468
1764758011.980029583
1764758012.043128252
1764758012.106231451
1764758012.168504238
1764758012.229867697
1764758012.291258097
1764758012.353221178
1764758012.415259123
1764758012.477607727
1764758012.539331675
1764758012.601397991
1764758012.664541483
1764758012.727602959
1764758012.790138960
1764758012.854053974
1764758012.917508602
1764758012.979104996
1764758013.041674852
1764758013.103275061
1764758013.175621033
1764758013.238737106
1764758013.301996469
1764758013.365380526
1764758013.429197073
1764758013.493273258
1764758013.557392120
1764758013.621858120
1764758013.685659885
1764758013.750250578
1764758013.814120531
1764758013.879578114
1764758013.946069241
1764758014.009141207
1764758014.072446108
1764758014.137615442
1764758014.201061010
1764758014.264777184
1764758014.329129457
1764758014.393005610
1764758014.456973553
1764758014.520348787
1764758014.583874702
1764758014.647262812
1764758014.710778952
1764758014.775159597
1764758014.838915586
1764758014.902221680
1764758014.965356588
1764758015.027982235
1764758015.090251207
1764758015.153246403
1764758015.216330051
1764758015.279196262
1764758015.341051340
1764758015.403008938
1764758015.465878487
1764758015.528577566
1764758015.590367317
1764758015.653219700
1764758015.715063334
1764758015.779004335
1764758015.841432810
1764758015.902867317
1764758015.964986801
1764758016.026185751
1764758016.088614702
1764758016.151010275
1764758016.214507103
1764758016.276788235
1764758016.339232445
1764758016.402831316
1764758016.465228081
1764758016.527790546
1764758016.590641260
1764758016.653420210
1764758016.716117859
1764758016.780021191
1764758016.843267441
1764758016.905924559
1764758016.968307734
1764758017.030874014
1764758017.093526125
1764758017.156171083
1764758017.219504595
1764758017.282614708
1764758017.344918251
1764758017.408033609
1764758017.471831322
1764758017.537174940
1764758017.601823568
1764758017.667044878
1764758017.730103731
1764758017.793946266
1764758017.858080626
1764758017.922156572
1764758017.986952782
1764758018.050817490
1764758018.114868402
1764758018.187410355
1764758018.251778364
1764758018.316194534
1764758018.381793976
1764758018.444341421
1764758018.507563114
1764758018.570892334
1764758018.635595322
1764758018.698693991
1764758018.761979580
1764758018.823897839
1764758018.886179447
1764758018.949259758
1764758019.012207270
1764758019.074813366
1764758019.138483524
1764758019.202564955
1764758019.266690493
1764758019.330750465
1764758019.396406412
1764758019.462207556
1764758019.527344942
1764758019.592161179
1764758019.657606602
1764758019.722819567
1764758019.787422657
1764758019.852517366
1764758019.917390585
1764758019.982982159
1764758020.047368288
1764758020.112416267
1764758020.177558422
1764758020.242871523
1764758020.308256865
1764758020.373690844
1764758020.439117193
1764758020.504853964
1764758020.570092201
1764758020.637500763
1764758020.702992439
1764758020.768277407
1764758020.833207369
1764758020.898139954
1764758020.963450670
1764758021.029084444
1764758021.093977928
1764758021.159432650
1764758021.225194693
1764758021.290585041
1764758021.355282545
1764758021.419975519
1764758021.485531330
1764758021.551305532
1764758021.617904186
1764758021.684820890
1764758021.750627995
1764758021.816177130
1764758021.881934881
