1403636584563555584.000000 0.173880011 0.724502265 0.102293059 -0.559120893 -0.620364547 -0.370743304 0.406301707
1403636585213555456.000000 0.172827333 0.734564602 0.280636758 -0.558684468 -0.580266953 -0.408803463 0.429000914
1403636588063555584.000000 0.471513450 0.732966363 0.042816639 -0.655149341 -0.635352910 -0.275909215 0.301629364
1403636588263555584.000000 0.511329293 0.739785194 0.033520620 -0.657187760 -0.636042476 -0.272685021 0.298658967
1403636588763555584.000000 0.466564268 0.722983360 0.037339710 -0.653800547 -0.636897802 -0.271373123 0.305389524
1403636588863555584.000000 0.435935616 0.714841783 0.037662365 -0.652090251 -0.639945686 -0.267600030 0.306003481
1403636589963555584.000000 -0.040009752 0.609586716 0.046096377 -0.613565803 -0.674962699 -0.242958382 0.330051035
1403636590163555584.000000 -0.084054388 0.599989295 0.044588178 -0.604397774 -0.676970899 -0.240879416 0.344079942
1403636590263555584.000000 -0.088097811 0.597737432 0.046531782 -0.602094293 -0.677354515 -0.242442742 0.346258402
1403636590463555584.000000 -0.058436118 0.596484959 0.051205486 -0.605604291 -0.676155508 -0.248020396 0.338442087
1403636590563555584.000000 -0.027687311 0.598117113 0.055039097 -0.607132137 -0.673541784 -0.254800618 0.335870117
1403636590763555584.000000 0.051117286 0.606936336 0.059211366 -0.613500953 -0.667762697 -0.261963576 0.330279738
1403636590863555584.000000 0.095445931 0.614406586 0.057319712 -0.618599474 -0.666420162 -0.258027345 0.326558948
1403636591263555584.000000 0.272080749 0.653572619 0.048138231 -0.625662684 -0.662503004 -0.254279852 0.324002773
1403636593863555584.000000 0.086009949 0.578330338 -0.010438938 -0.611631036 -0.670934916 -0.220242858 0.356716931
1403636593963555584.000000 0.136808679 0.553450584 -0.011270240 -0.635350764 -0.644695461 -0.244117692 0.347999811
1403636594163555584.000000 0.249270767 0.540826380 -0.008827712 -0.676732481 -0.596523285 -0.285662681 0.323403865
1403636594263555584.000000 0.305224359 0.558706939 -0.010235433 -0.691021800 -0.581897199 -0.296985626 0.309328556
1403636594363555584.000000 0.358819455 0.592799187 -0.011828613 -0.697728038 -0.574266493 -0.307367951 0.298192322
1403636594563555584.000000 0.444016814 0.693234503 -0.013688028 -0.692342520 -0.567849636 -0.329659849 0.299220890
1403636594763555584.000000 0.451643467 0.791440070 -0.016295897 -0.683127403 -0.569732606 -0.331292748 0.314621747
1403636594963555584.000000 0.357236743 0.854172468 -0.023196828 -0.647041738 -0.603550255 -0.318052620 0.340450704
1403636596163555584.000000 0.327774167 0.584384382 -0.058879118 -0.637960970 -0.636901796 -0.290511340 0.320881873
1403636596263555584.000000 0.326259762 0.549183607 -0.054653384 -0.645580888 -0.628597319 -0.292948604 0.319799781
1403636596413555456.000000 0.286546201 0.488050222 -0.037347451 -0.646785617 -0.623158514 -0.297759205 0.323545128
1403636596513555456.000000 0.252195150 0.445933729 -0.024775848 -0.641221225 -0.625062704 -0.302330405 0.326692939
1403636596613555456.000000 0.221041277 0.412370443 -0.015316151 -0.636851132 -0.628031373 -0.304842979 0.327212483
1403636596713555456.000000 0.197780088 0.392261416 -0.010861102 -0.636185825 -0.630371869 -0.303053439 0.325664818
1403636596963555584.000000 0.189830363 0.435475528 -0.014717281 -0.625843644 -0.635063350 -0.314281672 0.325946897
1403636597063555584.000000 0.198906332 0.487646759 -0.019259311 -0.627764761 -0.638116360 -0.310905099 0.319463521
1403636597163555584.000000 0.209169060 0.550828576 -0.023258954 -0.627137363 -0.645576298 -0.300346643 0.315787911
1403636598113555456.000000 0.129701301 0.720596552 -0.025850166 -0.527500153 -0.714823723 -0.254446387 0.382135689
1403636598213555456.000000 0.134828299 0.678071260 -0.034893058 -0.534118235 -0.719813168 -0.247307330 0.368002564
1403636598313555456.000000 0.144585505 0.647482216 -0.048185430 -0.540099621 -0.724838376 -0.242549568 0.352237791
1403636598413555456.000000 0.156554297 0.635904014 -0.062706053 -0.544230282 -0.725714624 -0.245570853 0.341828555
1403636598513555456.000000 0.167351037 0.644895256 -0.077682316 -0.543694556 -0.724668324 -0.250210166 0.341536134
1403636598613555456.000000 0.175118029 0.671316266 -0.090718761 -0.537410140 -0.722423613 -0.253980577 0.353254139
1403636598713555456.000000 0.180198818 0.706411600 -0.104673386 -0.527495503 -0.719610393 -0.257283539 0.371099293
1403636598813555456.000000 0.183406979 0.741688132 -0.123280756 -0.515781403 -0.714649916 -0.261291832 0.393664569
1403636598913555456.000000 0.186757356 0.773301184 -0.145847246 -0.508256793 -0.706107140 -0.269298911 0.412996173
1403636599113555456.000000 0.191208035 0.818235874 -0.187904060 -0.495469809 -0.692629993 -0.283141077 0.441140115
1403636599213555456.000000 0.191564396 0.833093345 -0.199209601 -0.485430360 -0.680521667 -0.294000387 0.463477612
1403636599513555456.000000 0.190512389 0.865445077 -0.226966053 -0.478784621 -0.653703868 -0.323904037 0.488388032
1403636602413555456.000000 0.198934391 0.870114684 -0.246745348 -0.483674318 -0.634170830 -0.331534207 0.503956079
1403636605063555584.000000 0.199002922 0.870100081 -0.246699646 -0.483783752 -0.634127259 -0.331425965 0.503976882
1403636607563555584.000000 0.198975831 0.870178401 -0.246761188 -0.483795285 -0.634090841 -0.331476569 0.503978372
1403636610063555584.000000 0.198981315 0.870044410 -0.246689633 -0.483907789 -0.634046197 -0.331379265 0.503990591
1403636612863555584.000000 0.199593097 0.870318472 -0.246942088 -0.483544946 -0.634197116 -0.331522495 0.504054725
1403636615563555584.000000 0.199631780 0.870276570 -0.247052297 -0.483660609 -0.633910656 -0.331447393 0.504353344
1403636616363555584.000000 0.199629039 0.870221078 -0.247046903 -0.483709157 -0.633843184 -0.331472218 0.504375339
1403636619163555584.000000 0.199624062 0.870258331 -0.247012869 -0.483978271 -0.633742630 -0.331257701 0.504384398
1403636621713555456.000000 0.199664295 0.870270550 -0.247011632 -0.483842313 -0.633782983 -0.331375152 0.504387021
1403636624613555456.000000 0.219311476 0.860876918 -0.246227264 -0.498652667 -0.642090321 -0.328054667 0.481088102
1403636624913555456.000000 0.262932003 0.839654386 -0.241922125 -0.487556517 -0.658489406 -0.344281524 0.458421946
1403636625013555456.000000 0.279657394 0.827892244 -0.227836266 -0.485766202 -0.668922007 -0.345655978 0.443955511
1403636625113555456.000000 0.291913718 0.816617370 -0.205657333 -0.487653285 -0.675662994 -0.341591954 0.434728324
1403636625213555456.000000 0.298529178 0.808587492 -0.177409962 -0.491828948 -0.673254907 -0.334911197 0.438938141
1403636625313555456.000000 0.301454157 0.804027140 -0.150740385 -0.491671503 -0.667929769 -0.334255040 0.447663456
1403636625513555456.000000 0.302314907 0.803736210 -0.150089279 -0.492494196 -0.669966042 -0.329572409 0.447187960
1403636625613555456.000000 0.299646884 0.809194744 -0.156043112 -0.491435081 -0.671660244 -0.329103082 0.446156114
1403636626163555584.000000 0.250821948 0.877761483 0.039443593 -0.485778213 -0.651613176 -0.331077576 0.479382455
1403636627713555456.000000 0.373269320 0.873010457 0.150042266 -0.492822140 -0.656382799 -0.334786147 0.462824225
1403636627863555584.000000 0.396233559 0.865083158 0.134221703 -0.509921134 -0.655578792 -0.336406171 0.443878204
1403636628563555584.000000 0.472248912 0.942626715 0.223912656 -0.524552524 -0.622321427 -0.353055328 0.461424679
1403636628763555584.000000 0.510897756 0.971195817 0.233226016 -0.524694443 -0.624625742 -0.354418576 0.457084149
1403636629063555584.000000 0.588958859 1.010230184 0.238222748 -0.539724827 -0.627179742 -0.359892160 0.431068867
1403636629463555584.000000 0.692365527 1.087256551 0.267942965 -0.561651230 -0.597311616 -0.376937151 0.430912018
1403636630813555456.000000 1.191400647 1.558723092 0.239415765 -0.625628948 -0.534531832 -0.433290869 0.367591172
1403636630913555456.000000 1.224522948 1.601851940 0.243923306 -0.625870466 -0.534263492 -0.430285126 0.371084154
1403636633063555584.000000 1.696438909 2.569980145 0.076781705 -0.566064060 -0.597015560 -0.392287999 0.411404967
1403636634713555456.000000 1.951591253 3.666033030 0.014020696 -0.543414593 -0.607243240 -0.387457371 0.431083471
1403636634913555456.000000 1.987774611 3.811424732 0.009364117 -0.537394166 -0.618532062 -0.376826823 0.432003766
1403636635013555456.000000 2.003124952 3.883191586 0.016681254 -0.534005821 -0.623776853 -0.373394042 0.431644768
1403636635213555456.000000 2.029208183 4.025149822 0.024536159 -0.530903578 -0.630733013 -0.367434323 0.430475742
1403636635563555584.000000 2.065501928 4.283497810 0.020421132 -0.537669241 -0.629102528 -0.352925777 0.436560750
1403636635713555456.000000 2.084380150 4.396833420 0.037159190 -0.538372397 -0.626101553 -0.353733152 0.439345896
1403636635813555456.000000 2.098164797 4.477348804 0.057703007 -0.539071798 -0.619833052 -0.354143739 0.446979612
1403636635913555456.000000 2.115207911 4.558951378 0.085101292 -0.542581201 -0.615699947 -0.350621849 0.451202273
1403636636013555456.000000 2.136792898 4.641317844 0.114493065 -0.545900941 -0.619581699 -0.347161293 0.444510728
1403636636113555456.000000 2.161739111 4.725362301 0.140604153 -0.544607401 -0.625950396 -0.349894971 0.434928149
1403636636213555456.000000 2.188050270 4.811872959 0.169384435 -0.538304389 -0.626573622 -0.359077424 0.434393108
1403636636813555456.000000 2.330348253 5.278921604 0.315630347 -0.506629169 -0.625000477 -0.402955323 0.436266243
1403636637013555456.000000 2.348602533 5.380562305 0.304481387 -0.514033914 -0.625985146 -0.389723599 0.438209265
1403636637313555456.000000 2.354009390 5.508498192 0.263460875 -0.526434243 -0.629291356 -0.367734849 0.437756181
1403636637663555584.000000 2.345045090 5.660785675 0.280594796 -0.528209388 -0.633840203 -0.359857202 0.435596526
1403636638313555456.000000 2.307600498 5.973896980 0.353709042 -0.520137966 -0.628369987 -0.365594268 0.448272824
1403636638463555584.000000 2.300589323 6.041102409 0.322126329 -0.536030114 -0.634164810 -0.342182040 0.439793259
1403636638613555456.000000 2.299127579 6.113628387 0.292791575 -0.543277264 -0.639169514 -0.331095040 0.432074428
1403636638763555584.000000 2.303741217 6.200427532 0.289517432 -0.534120321 -0.640562356 -0.343674242 0.431605518
1403636639063555584.000000 2.316974401 6.397357464 0.328107715 -0.533501983 -0.628113687 -0.342926800 0.450832725
1403636639213555456.000000 2.331156969 6.504336834 0.332379013 -0.538992524 -0.623223722 -0.334573269 0.457318395
1403636639513555456.000000 2.390215635 6.732081413 0.268598288 -0.526110590 -0.635331690 -0.353398830 0.441214800
1403636639663555584.000000 2.424454689 6.850090504 0.222981796 -0.516048253 -0.638328135 -0.366731793 0.437880367
1403636641213555456.000000 2.656590462 7.739777088 0.150290623 -0.489176929 -0.652360082 -0.350384235 0.460828811
1403636641963555584.000000 2.740697622 7.987929821 0.108378723 -0.495425761 -0.645617962 -0.352284759 0.462197274
1403636642563555584.000000 2.815738678 8.116297722 0.141727015 -0.526667356 -0.619490862 -0.374515921 0.445634991
1403636643163555584.000000 2.884618998 8.204506874 0.106441483 -0.538612366 -0.617835999 -0.368557960 0.438566476
1403636643813555456.000000 2.976085663 8.362324715 0.146186084 -0.543607175 -0.633239388 -0.353419453 0.422603726
1403636644413555456.000000 3.054122448 8.667375565 0.158096746 -0.543478489 -0.613294899 -0.353980482 0.450775295
1403636644563555584.000000 3.081505060 8.762382507 0.124993220 -0.543868005 -0.602792859 -0.353045225 0.464981169
1403636645013555456.000000 3.227726221 9.016306877 -0.043374341 -0.534492552 -0.621299982 -0.372183830 0.435641259
1403636645163555584.000000 3.277033329 9.090903282 -0.088378102 -0.548912108 -0.633580029 -0.353111893 0.415432274
1403636645313555456.000000 3.323807716 9.180065155 -0.111020148 -0.554671168 -0.637944102 -0.345518887 0.407411277
1403636645463555584.000000 3.367740154 9.288458824 -0.122539245 -0.549993694 -0.632124186 -0.354145527 0.415339530
1403636645763555584.000000 3.446891785 9.542900085 -0.167679563 -0.545857370 -0.628164291 -0.361006856 0.420860410
1403636646063555584.000000 3.514927149 9.832487106 -0.144349664 -0.552172184 -0.614127278 -0.364854813 0.429923892
1403636646513555456.000000 3.663775206 10.264771461 -0.087857209 -0.604983270 -0.533432484 -0.423543036 0.412378967
1403636647113555456.000000 3.910279989 10.692317963 0.031959090 -0.629286587 -0.516160071 -0.441875428 0.377257705
1403636647413555456.000000 4.029160976 10.864123344 0.062568977 -0.628990233 -0.517200708 -0.437901556 0.380942285
1403636647663555584.000000 4.132039070 10.988019943 0.068098091 -0.623867810 -0.509243548 -0.440578848 0.396673977
1403636647763555584.000000 4.177355766 11.031678200 0.076177649 -0.625435233 -0.510590017 -0.440749556 0.392260849
1403636648063555584.000000 4.324963093 11.135416031 0.081944793 -0.642675698 -0.493332028 -0.453477591 0.371415704
1403636649413555456.000000 5.007738590 11.267736435 0.060030259 -0.720489621 -0.379551589 -0.511035681 0.275095999
1403636649713555456.000000 5.140854836 11.283000946 0.199232057 -0.717667282 -0.375138760 -0.512997746 0.284706891
1403636650313555456.000000 5.362262726 11.224107742 0.310908198 -0.737612247 -0.326725513 -0.536093235 0.248561382
1403636650763555584.000000 5.476235390 11.100525856 0.248966813 -0.777801812 -0.255939573 -0.542450368 0.187794864
1403636651313555456.000000 5.568650723 10.945819855 0.285344750 -0.774338245 -0.247012451 -0.553190768 0.182660997
1403636651563555584.000000 5.589904308 10.870954514 0.321029991 -0.773990631 -0.253423333 -0.549089313 0.187659279
1403636652263555584.000000 5.610455036 10.565345764 0.258435398 -0.797686040 -0.158867106 -0.566896558 0.130715370
1403636653013555456.000000 5.636914730 10.135794640 0.185268939 -0.828903019 -0.072534643 -0.551987588 0.054481689
1403636653163555584.000000 5.674493313 10.063732147 0.184611604 -0.822164178 -0.076785393 -0.561286092 0.055749282
1403636653613555456.000000 5.788895607 9.871471405 0.194308937 -0.807922602 -0.092801578 -0.578059793 0.067050122
1403636653863555584.000000 5.828847408 9.774546623 0.219442233 -0.801248252 -0.096863583 -0.586248994 0.070219494
1403636654563555584.000000 5.830118656 9.494796753 0.223876178 -0.813152730 -0.040975720 -0.579751372 0.031494547
1403636654763555584.000000 5.809340477 9.414781570 0.254256219 -0.819844246 -0.012706040 -0.572214246 0.016276164
1403636655163555584.000000 5.770360947 9.268917084 0.246022865 0.808474183 -0.005850196 0.588502288 -0.000686862
1403636655363555584.000000 5.739949226 9.199934959 0.222219959 0.803860307 -0.016895868 0.594578147 0.000267995
1403636655963555584.000000 5.541849613 8.969938278 0.135024384 0.817846179 -0.097425036 0.565702915 0.040201996
1403636656063555584.000000 5.507196903 8.924847603 0.108577691 0.815388381 -0.112097457 0.565796256 0.049503066
1403636656363555584.000000 5.406974316 8.776980400 0.090689808 0.816613436 -0.128154993 0.558356047 0.070408508
1403636656563555584.000000 5.354071140 8.671280861 0.122800484 0.817061782 -0.126859322 0.557610810 0.073396981
1403636656763555584.000000 5.311318874 8.562346458 0.152361274 0.804998755 -0.121019855 0.576112032 0.073663212
1403636656863555584.000000 5.288825512 8.507277489 0.157021195 0.800434232 -0.116094440 0.583114922 0.076184429
1403636656963555584.000000 5.263446331 8.453755379 0.154357180 0.797696352 -0.113171838 0.587533593 0.075345635
1403636657313555456.000000 5.140434742 8.277029991 0.117352128 0.798859775 -0.116264544 0.586981833 0.061303403
1403636657613555456.000000 5.001320839 8.118021011 0.094350874 0.812224209 -0.122902468 0.567708254 0.053798269
1403636657913555456.000000 4.865436554 7.932763100 0.042223621 0.812788665 -0.135635078 0.564430535 0.048946895
1403636658013555456.000000 4.821710587 7.862463474 0.027519006 0.814285398 -0.139068261 0.561453462 0.048676107
1403636658213555456.000000 4.735430241 7.706120968 0.022757411 0.815948248 -0.131927535 0.558952034 0.066305421
1403636658313555456.000000 4.695085526 7.624153137 0.020410728 0.816598058 -0.128011003 0.557888746 0.074437037
1403636658613555456.000000 4.591945648 7.381691456 -0.011685234 0.818815112 -0.118903585 0.554047644 0.091842361
1403636658713555456.000000 4.563944817 7.305710793 -0.026824217 0.818146586 -0.116933331 0.554855466 0.095383823
1403636658813555456.000000 4.539267540 7.233674526 -0.044217914 0.815474510 -0.112977691 0.558517277 0.101469241
1403636659113555456.000000 4.480265617 7.048378468 -0.113958612 0.803140640 -0.118825786 0.576283634 0.093502611
1403636659213555456.000000 4.458866596 6.995583057 -0.144313365 0.800720036 -0.119781092 0.579698920 0.091919258
1403636659313555456.000000 4.435032368 6.947095871 -0.172645807 0.802080989 -0.120188840 0.577873647 0.091010347
1403636659413555456.000000 4.410109997 6.901793480 -0.195757315 0.806900680 -0.120233074 0.571161091 0.090721257
1403636659613555456.000000 4.363347530 6.817843914 -0.223247990 0.810276568 -0.120143674 0.566181660 0.091955833
1403636659763555584.000000 4.330547333 6.762230396 -0.249187768 0.806966066 -0.120887242 0.570326447 0.094445512
1403636659863555584.000000 4.309121132 6.729906559 -0.273711324 0.806403577 -0.122424901 0.570676386 0.095152870
1403636660163555584.000000 4.245245934 6.651113987 -0.376626968 0.818424404 -0.126821235 0.552136898 0.096139744
1403636660263555584.000000 4.229468822 6.629331112 -0.416122735 0.820828974 -0.127749488 0.548386872 0.095873445
1403636660663555584.000000 4.230610371 6.558394909 -0.528721035 0.821869016 -0.124560103 0.546803892 0.100108452
1403636660963555584.000000 4.284981728 6.534889698 -0.635916829 0.805945694 -0.110969335 0.569727600 0.116395190
1403636661063555584.000000 4.304301739 6.539988995 -0.681345344 0.804091811 -0.114887744 0.572746873 0.110445768
1403636661363555584.000000 4.352390766 6.585760117 -0.812478244 0.800748110 -0.122250810 0.577860236 0.099673554
1403636661663555584.000000 4.377231598 6.662344933 -0.880989432 0.802518249 -0.125471294 0.575826228 0.092981763
1403636661813555456.000000 4.381252766 6.708525658 -0.891318142 0.799572170 -0.130550802 0.580120802 0.084265508
1403636662263555584.000000 4.347459316 6.833307266 -0.844231546 0.800895810 -0.123546965 0.578688025 0.091773257
1403636662463555584.000000 4.311531067 6.892095089 -0.841544151 0.808618426 -0.121162482 0.567086756 0.099340715
1403636662763555584.000000 4.265695572 6.993414879 -0.872877479 0.810471177 -0.142868459 0.563285053 0.073723406
1403636663163555584.000000 4.223308563 7.079806805 -0.949338317 0.818887830 -0.157084048 0.548972428 0.058108285
1403636663463555584.000000 4.219083786 7.082151413 -0.999053419 0.830080211 -0.131251559 0.533350110 0.096319988
1403636663863555584.000000 4.317306042 7.086020947 -1.110473037 0.832004786 -0.110347427 0.530180991 0.120414503
1403636663963555584.000000 4.366702080 7.096614838 -1.126140356 0.826425731 -0.102589995 0.538852155 0.127021015
1403636664063555584.000000 4.422949314 7.116313934 -1.134425759 0.820310116 -0.097301342 0.548321784 0.130257502
1403636664363555584.000000 4.615188122 7.230514526 -1.146085262 0.807160854 -0.103409544 0.571570158 0.105382688
1403636664463555584.000000 4.678174496 7.279564381 -1.172781706 0.805663347 -0.102921203 0.574777246 0.099724613
1403636664563555584.000000 4.738986969 7.332819462 -1.205147147 0.804063916 -0.101923719 0.578195095 0.093718521
1403636664763555584.000000 4.850237370 7.449885368 -1.256664753 0.804975569 -0.101881489 0.579086483 0.079330139
1403636664963555584.000000 4.949617386 7.573335648 -1.278820515 0.809404790 -0.095268644 0.574316978 0.077122174
1403636665063555584.000000 4.997216702 7.637708664 -1.279182553 0.814836442 -0.095305502 0.567089915 0.073263727
1403636665363555584.000000 5.136912823 7.831534386 -1.246048808 0.813255548 -0.101998709 0.570053279 0.057017073
1403636666363555584.000000 5.562557697 8.464576721 -1.145158052 0.802167952 -0.108582340 0.583626509 0.064161621
1403636666463555584.000000 5.593209743 8.524607658 -1.152803183 0.803279042 -0.111435585 0.582173884 0.058296513
1403636667213555456.000000 5.770911217 8.897354126 -1.110497475 0.814359546 -0.100425325 0.568680286 0.057758857
1403636667663555584.000000 5.895411968 9.072723389 -1.160052896 0.821424782 -0.096508667 0.559051335 0.058388386
1403636667963555584.000000 5.981372833 9.187760353 -1.154217362 0.820699394 -0.102908574 0.559610605 0.051945146
1403636668713555456.000000 6.259929657 9.428792000 -1.283370733 0.818351209 -0.102370664 0.559420466 0.082887687
1403636668863555584.000000 6.330344200 9.484067917 -1.313133597 0.814351380 -0.093480021 0.564306259 0.098243818
1403636669163555584.000000 6.466983318 9.637864113 -1.331379294 0.804886997 -0.103076853 0.577887952 0.087049060
1403636669313555456.000000 6.525017738 9.728799820 -1.339599371 0.803476989 -0.104829162 0.579586565 0.086689807
1403636669463555584.000000 6.576634407 9.825198174 -1.360342026 0.801343203 -0.106333673 0.582443297 0.085452333
1403636669763555584.000000 6.654454708 10.034986496 -1.408528328 0.786352992 -0.102598056 0.603090346 0.086050391
1403636669913555456.000000 6.670171261 10.150149345 -1.417255521 0.787256598 -0.123636439 0.601937592 0.051110808
1403636670063555584.000000 6.665925026 10.255158424 -1.411071301 0.793396235 -0.136023089 0.592500150 0.031045387
1403636670213555456.000000 6.644933224 10.339748383 -1.391446471 0.790568173 -0.139881939 0.596051395 0.012564645
1403636672713555456.000000 5.318786144 8.081784248 -0.748052180 -0.799931884 -0.170173913 -0.568333685 0.090259090
1403636673763555584.000000 5.429619312 7.994083405 -0.830030441 -0.793696880 -0.239911273 -0.542022347 0.136746511
1403636675113555456.000000 5.725440502 8.647223473 -1.107971311 -0.801486909 -0.264934450 -0.501786053 0.188783452
1403636675463555584.000000 5.907476902 8.849589348 -1.103938460 -0.780612409 -0.287862748 -0.528592587 0.168431684
1403636678413555456.000000 6.426200867 11.073283195 -1.389609933 -0.559932411 -0.595574796 -0.388536721 0.425212502
1403636678713555456.000000 6.445477009 11.201179504 -1.342345476 -0.515276790 -0.634885550 -0.366996229 0.443535894
1403636679763555584.000000 6.291130543 11.459142685 -1.317700744 -0.354835957 -0.731964111 -0.249964654 0.525202513
1403636680063555584.000000 6.263240814 11.473411560 -1.213527441 -0.329203308 -0.734892309 -0.271573633 0.527073264
1403636680513555456.000000 6.199513912 11.374517441 -1.080919266 -0.320920378 -0.742806435 -0.298253328 0.506254613
1403636680963555584.000000 6.032708168 11.121085167 -1.061161041 -0.366824031 -0.734942079 -0.247815102 0.513700426
1403636681113555456.000000 5.967677116 11.030724525 -1.076851487 -0.374035686 -0.745194018 -0.238755628 0.497773916
1403636681263555584.000000 5.899041176 10.953466415 -1.092154741 -0.363389373 -0.742357492 -0.253096133 0.502788186
1403636681413555456.000000 5.824891090 10.881592751 -1.097285986 -0.356417954 -0.733803988 -0.261243343 0.515994191
1403636682313555456.000000 5.383144855 10.374868393 -1.044820309 -0.353275388 -0.737645864 -0.247338623 0.519517839
1403636683063555584.000000 5.036139965 9.920109749 -1.012918591 -0.348681211 -0.728262305 -0.269788653 0.524661362
1403636683363555584.000000 4.901213169 9.705981255 -1.011145473 -0.352571636 -0.729547083 -0.258998722 0.525712907
1403636683513555456.000000 4.835865974 9.593279839 -1.026689529 -0.351997763 -0.730392694 -0.255739152 0.526518345
1403636684113555456.000000 4.589700222 9.152343750 -1.062921286 -0.350621492 -0.736970484 -0.243986040 0.523841500
1403636684263555584.000000 4.530962467 9.050272942 -1.035569310 -0.347832769 -0.735702693 -0.242965654 0.527941048
1403636684413555456.000000 4.475099087 8.948307991 -1.008145332 -0.344346583 -0.733918786 -0.244219705 0.532114208
1403636684863555584.000000 4.344241142 8.639867783 -1.011694431 -0.344736516 -0.730070949 -0.238542780 0.539676249
1403636685913555456.000000 4.139691830 7.861303329 -1.053390265 -0.345828354 -0.736455262 -0.259512067 0.520278692
1403636688613555456.000000 3.630495071 6.275685310 -1.328454375 -0.340312600 -0.740709245 -0.253598124 0.520792902
1403636689213555456.000000 3.511197329 5.939898968 -1.448727727 -0.329322338 -0.753735542 -0.224416405 0.522557974
1403636689413555456.000000 3.453653336 5.841489315 -1.432028413 -0.324143022 -0.757286072 -0.217172533 0.523722351
1403636689563555584.000000 3.408303738 5.776261330 -1.398629904 -0.323105156 -0.758940876 -0.212845489 0.523744881
1403636689763555584.000000 3.348679781 5.698151588 -1.347635865 -0.333210379 -0.762513340 -0.197568566 0.518180490
1403636690063555584.000000 3.253815651 5.635996819 -1.299161434 -0.344197154 -0.754023969 -0.188795298 0.526623666
1403636690213555456.000000 3.211996555 5.632740021 -1.285065532 -0.337774515 -0.759697437 -0.201364219 0.517900288
1403636690363555584.000000 3.167680264 5.645458698 -1.259138465 -0.334697247 -0.760545611 -0.208162561 0.515961707
1403636690513555456.000000 3.119356871 5.669661522 -1.228607535 -0.336438566 -0.757441819 -0.206517994 0.520039678
1403636690813555456.000000 3.024806499 5.751639366 -1.212213039 -0.355324686 -0.737856567 -0.179248765 0.545143902
1403636690963555584.000000 2.996259928 5.814069271 -1.238934398 -0.356439948 -0.722479939 -0.176478475 0.565533996
1403636691113555456.000000 2.995879173 5.892172813 -1.254583120 -0.349628508 -0.708740115 -0.183183104 0.584714711
1403636691263555584.000000 3.034549475 5.974671364 -1.250240326 -0.330241531 -0.708666325 -0.208603218 0.587551951
1403636691413555456.000000 3.107448816 6.046753407 -1.233968616 -0.317285985 -0.721748590 -0.223238692 0.573213041
1403636691563555584.000000 3.196134329 6.109117508 -1.201139212 -0.319187850 -0.736705005 -0.214582562 0.556182802
1403636691863555584.000000 3.389927864 6.224667072 -1.106869221 -0.309663445 -0.751558065 -0.221922442 0.538534582
1403636692013555456.000000 3.486486435 6.275760174 -1.075267434 -0.311466038 -0.744580567 -0.219009459 0.548291624
1403636692163555584.000000 3.585120440 6.323694229 -1.045152068 -0.309769243 -0.745981574 -0.223142728 0.545675695
1403636692313555456.000000 3.683993816 6.366443634 -1.001409650 -0.309919298 -0.748816431 -0.224753752 0.541026652
1403636692663555584.000000 3.912549973 6.439982414 -0.840006649 -0.312586069 -0.750575125 -0.227505818 0.535880625
1403636692863555584.000000 4.035153866 6.471069813 -0.739768982 -0.303771675 -0.763111174 -0.244132489 0.515541852
1403636693213555456.000000 4.183023453 6.497989655 -0.609733820 -0.310189068 -0.761341751 -0.233287647 0.519344151
1403636693363555584.000000 4.226763248 6.502079487 -0.577447176 -0.317811042 -0.765173614 -0.220325202 0.514744937
1403636693663555584.000000 4.283276081 6.528147697 -0.537891686 -0.328214884 -0.777369320 -0.201712593 0.497276515
1403636693813555456.000000 4.292727947 6.559332371 -0.523350954 -0.324005365 -0.771799564 -0.206332549 0.506727695
1403636694963555584.000000 4.266076565 6.863840103 -0.494456321 -0.324848801 -0.748483956 -0.206715614 0.539920151
1403636695413555456.000000 4.281256199 6.988104343 -0.506477296 -0.321825534 -0.750120103 -0.223108619 0.532889009
1403636695763555584.000000 4.296105385 7.074662685 -0.481936634 -0.320140153 -0.749114096 -0.232428581 0.531333625
1403636696163555584.000000 4.302891254 7.146080494 -0.522022605 -0.326410830 -0.755909204 -0.229845867 0.518871903
1403636696563555584.000000 4.283452511 7.202167988 -0.576907873 -0.324770212 -0.738836944 -0.236765683 0.540912509
1403636698013555456.000000 4.147376537 6.931648731 -0.467124254 -0.387340695 -0.721913815 -0.278693199 0.501136422
1403636700013555456.000000 3.618456125 6.369874477 -0.655559361 -0.677230716 -0.463170648 -0.453957587 0.347496927
1403636700263555584.000000 3.624934912 6.335020542 -0.703965962 -0.680126190 -0.457479924 -0.456371516 0.346215993
1403636701463555584.000000 3.877213717 6.137485027 -0.954339266 -0.706561923 -0.430256844 -0.474228293 0.301258832
1403636702163555584.000000 4.085508823 6.100700378 -0.964844584 -0.725459278 -0.379127413 -0.501055241 0.280917794
1403636702413555456.000000 4.162388802 6.079929352 -1.028329492 -0.743167281 -0.353915125 -0.508351743 0.253031582
1403636703513555456.000000 4.532901764 6.184943199 -1.360338330 -0.743892789 -0.339099050 -0.517424107 0.252799600
1403636704613555456.000000 4.969444752 6.304942608 -1.427719355 -0.749437451 -0.360634387 -0.499683321 0.242080420
1403636705013555456.000000 5.153278351 6.413474083 -1.469032526 -0.758649647 -0.371688843 -0.482202530 0.231902868
1403636705263555584.000000 5.289338112 6.538702488 -1.513807297 -0.741317689 -0.369058877 -0.506275654 0.240683764
1403636705463555584.000000 5.396166325 6.659012318 -1.529780269 -0.739574313 -0.367861450 -0.508568704 0.243034467
1403636705663555584.000000 5.497712612 6.790871143 -1.554572344 -0.745373070 -0.369441628 -0.500869155 0.238876775
1403636705863555584.000000 5.601028919 6.938020229 -1.592211723 -0.740781128 -0.362851411 -0.507779896 0.248479038
1403636706063555584.000000 5.704321861 7.089303970 -1.608782053 -0.739814937 -0.348157704 -0.507245302 0.272327542
1403636706263555584.000000 5.814605713 7.226365089 -1.617510200 -0.734126985 -0.353681654 -0.513458133 0.268938243
1403636706463555584.000000 5.923961639 7.350803375 -1.653663874 -0.731885850 -0.369003981 -0.514860749 0.251192391
1403636706663555584.000000 6.025074482 7.475900650 -1.680318356 -0.733494997 -0.372995108 -0.512515903 0.245330811
1403636707063555584.000000 6.214960575 7.760375977 -1.666456580 -0.739006519 -0.368430883 -0.510062993 0.240756840
1403636707263555584.000000 6.303243160 7.917232513 -1.649556756 -0.740169823 -0.363369256 -0.513389945 0.237785980
1403636707463555584.000000 6.385255814 8.083941460 -1.610366225 -0.743077040 -0.361844867 -0.512621403 0.232646018
1403636707663555584.000000 6.460414886 8.262190819 -1.550685048 -0.748804748 -0.355088919 -0.505702078 0.239726573
1403636708063555584.000000 6.626118660 8.633306503 -1.540727973 -0.745132744 -0.353870392 -0.506495535 0.251028448
1403636708713555456.000000 6.944746971 9.196647644 -1.658771992 -0.734135687 -0.349080592 -0.517911255 0.266374886
1403636709313555456.000000 7.200924873 9.593339920 -1.709028959 -0.732550502 -0.351160914 -0.533047199 0.236466572
1403636709513555456.000000 7.243446350 9.719544411 -1.705510378 -0.735972166 -0.353568733 -0.528884649 0.231549516
1403636709713555456.000000 7.269473553 9.850179672 -1.728059173 -0.737530708 -0.356076449 -0.525635362 0.230142370
1403636709913555456.000000 7.280121326 9.988595009 -1.751205564 -0.735961080 -0.358131886 -0.525332093 0.232656762
1403636710313555456.000000 7.254203796 10.279505730 -1.773879528 -0.731625378 -0.359698653 -0.524136722 0.246215120
1403636710913555456.000000 7.170949936 10.683807373 -1.930925488 -0.700763643 -0.412243932 -0.497603208 0.302285075
1403636711313555456.000000 7.111660957 10.895158768 -1.961717606 -0.674459338 -0.451211482 -0.495531917 0.309775710
1403636711713555456.000000 6.989991188 11.062138557 -1.939325571 -0.661694705 -0.438666463 -0.515614212 0.322294772
1403636711913555456.000000 6.898396015 11.113313675 -1.920767069 -0.673620403 -0.433968872 -0.503362775 0.323314965
1403636712313555456.000000 6.700630665 11.158327103 -1.835788846 -0.674195111 -0.441009223 -0.491544008 0.330690682
1403636712713555456.000000 6.488973141 11.142960548 -1.695502043 -0.641760528 -0.472247094 -0.489974141 0.353626102
1403636713313555456.000000 6.116375446 10.964060783 -1.562268972 -0.644829154 -0.483867705 -0.471409470 0.357548028
1403636713713555456.000000 5.865243435 10.776941299 -1.400919676 -0.658285201 -0.476001114 -0.456915468 0.362369776
1403636714563555584.000000 5.485619545 10.298473358 -1.294192433 -0.669979215 -0.478671670 -0.448844820 0.347188026
1403636715213555456.000000 5.315344810 10.006756783 -1.209522724 -0.599638045 -0.573836982 -0.404599190 0.383985609
1403636715563555584.000000 5.240785122 9.918605804 -1.157305121 -0.593868792 -0.565060675 -0.393914610 0.415761590
1403636716763555584.000000 5.170437813 9.490171432 -1.122299433 -0.586966395 -0.563381493 -0.414431006 0.407821923
1403636717613555456.000000 5.129576683 9.079803467 -1.119140863 -0.507130325 -0.638009429 -0.376648635 0.440339267
1403636717863555584.000000 5.084881306 8.949790001 -1.145663619 -0.501453042 -0.642673612 -0.375189841 0.441302717
1403636718113555456.000000 5.006552219 8.811072350 -1.148138523 -0.477212638 -0.661199272 -0.357390851 0.455362946
1403636718613555456.000000 4.795462608 8.518998146 -1.193582416 -0.439126492 -0.689473510 -0.295695901 0.494326085
1403636718863555584.000000 4.698374748 8.385688782 -1.257603765 -0.425116628 -0.699096739 -0.282043576 0.500990152
1403636719063555584.000000 4.633664608 8.290850639 -1.291924477 -0.411472708 -0.704650581 -0.291307896 0.499296993
1403636720363555584.000000 4.349436760 7.628530979 -1.381285310 -0.431076020 -0.694706142 -0.291009009 0.496860802
1403636720613555456.000000 4.325266361 7.521791458 -1.417851210 -0.430049717 -0.696403265 -0.287719309 0.497289956
1403636721963555584.000000 4.389429569 7.090509415 -1.453325748 -0.505160391 -0.637434721 -0.358267725 0.458404005
1403636722463555584.000000 4.421648979 6.920404911 -1.452269197 -0.504487872 -0.639149964 -0.357176960 0.457606763
1403636723563555584.000000 4.427954197 6.511397362 -1.444824934 -0.519953668 -0.617289364 -0.382939130 0.449399292
1403636723913555456.000000 4.410235405 6.365676403 -1.421147585 -0.544972599 -0.605261922 -0.383153647 0.435724944
1403636724663555584.000000 4.377239227 6.088361740 -1.461591363 -0.601375699 -0.550379872 -0.426577032 0.391741425
1403636727263555584.000000 4.302822113 5.512816429 -0.937697887 -0.584412992 -0.564192951 -0.423941851 0.400526136
1403636727763555584.000000 4.293100357 5.373809338 -0.808286905 -0.584748447 -0.563955069 -0.422659546 0.401724905
1403636728263555584.000000 4.213120461 5.213959217 -0.644809186 -0.584241986 -0.562656879 -0.425020903 0.401790798
1403636728763555584.000000 4.100464821 5.031643391 -0.611117005 -0.580511749 -0.568117797 -0.410296857 0.414614141
1403636729063555584.000000 4.040765762 4.910748005 -0.572385430 -0.550394535 -0.593197525 -0.404543042 0.426060468
1403636729413555456.000000 3.963131428 4.751727581 -0.571519792 -0.542886198 -0.601622701 -0.395275652 0.432529509
1403636729713555456.000000 3.890809298 4.595643044 -0.548522234 -0.543673635 -0.602094829 -0.392048061 0.433819324
1403636730213555456.000000 3.763841152 4.328777313 -0.522396743 -0.550599098 -0.607063174 -0.383375347 0.425838351
1403636730463555584.000000 3.699956656 4.201231480 -0.546804786 -0.552352965 -0.609215558 -0.378776431 0.424606949
1403636730713555456.000000 3.636221409 4.095224380 -0.540659845 -0.557444513 -0.615005910 -0.370133519 0.417162538
1403636731863555584.000000 3.482197762 3.898107290 -0.499845475 -0.554283977 -0.598977685 -0.379995018 0.435429454
1403636732363555584.000000 3.506714106 3.833564281 -0.621749282 -0.546500683 -0.601278424 -0.386786014 0.436116874
1403636732663555584.000000 3.518322229 3.767292738 -0.631449282 -0.525466323 -0.607364237 -0.414140165 0.428347737
1403636733163555584.000000 3.463622332 3.562367678 -0.595889032 -0.534960449 -0.606959105 -0.397266537 0.433125168
1403636735313555456.000000 2.916867495 2.505512714 -0.362143338 -0.547346771 -0.616773546 -0.367397517 0.430140615
1403636737563555584.000000 2.379472733 2.002786636 -0.141602978 -0.503741682 -0.647735536 -0.345458001 0.455348074
1403636738313555456.000000 2.223501444 1.897190571 0.040740680 -0.511467040 -0.642242908 -0.341619968 0.457407176
1403636738813555456.000000 2.195828199 1.894067645 0.079384372 -0.551580071 -0.608331978 -0.363584876 0.439883888
1403636739313555456.000000 2.262027740 1.914353371 -0.025127202 -0.628102243 -0.522807777 -0.427881092 0.386105478
1403636740213555456.000000 2.460022926 1.937979937 -0.172290862 -0.671755493 -0.465261936 -0.473803908 0.328307390
1403636740763555584.000000 2.551906824 1.947463512 -0.342320502 -0.669799566 -0.468709588 -0.463423878 0.341933042
1403636741163555584.000000 2.615068913 1.933968186 -0.466492146 -0.658574820 -0.473181754 -0.482918024 0.330406517
1403636741913555456.000000 2.680876732 1.870210409 -0.742080271 -0.682590902 -0.458667964 -0.470484912 0.319902122
1403636742213555456.000000 2.709914207 1.872632384 -0.825786889 -0.682272077 -0.471373230 -0.461258978 0.315519065
1403636742513555456.000000 2.732471943 1.900487304 -0.859883547 -0.675271153 -0.467171758 -0.463623941 0.332884908
1403636742963555584.000000 2.773374557 1.956391931 -0.926258683 -0.667252541 -0.464678019 -0.469563425 0.344032913
1403636743463555584.000000 2.837745667 2.021319628 -1.075791359 -0.701873422 -0.461623400 -0.442679077 0.313548803
1403636743963555584.000000 2.966589212 2.204111576 -1.212594867 -0.686937988 -0.441876978 -0.480437011 0.319438845
1403636745963555584.000000 3.408515930 2.634619236 -2.088747501 -0.690919578 -0.421846807 -0.504085839 0.300953448
1403636746513555456.000000 3.375394106 2.676700354 -1.963592649 -0.689885437 -0.407040536 -0.519504547 0.297474533
1403636746763555584.000000 3.304144144 2.680913448 -1.963461518 -0.718949199 -0.416089356 -0.471451998 0.296166897
1403636747013555456.000000 3.254202843 2.704779387 -1.969979167 -0.718680263 -0.414264292 -0.465378881 0.308717102
1403636747263555584.000000 3.235384226 2.745289564 -1.931222558 -0.701161861 -0.421024263 -0.490562290 0.300764650
1403636747813555456.000000 3.177303076 2.870462418 -1.789519787 -0.707105458 -0.414436460 -0.493112952 0.291691601
1403636748963555584.000000 3.105836630 3.149399757 -1.476757646 -0.717165828 -0.386967003 -0.491903722 0.306529790
1403636749363555584.000000 3.144190311 3.202705622 -1.403857827 -0.716566265 -0.383889914 -0.501434684 0.296183288
1403636749813555456.000000 3.196346760 3.219619036 -1.277133226 -0.704621375 -0.394616067 -0.516027868 0.285486072
1403636750063555584.000000 3.196557045 3.218996286 -1.252875805 -0.696777761 -0.393239111 -0.520394087 0.298418909
1403636750563555584.000000 3.142082930 3.165091038 -1.149442911 -0.700054109 -0.409607649 -0.502202094 0.299898267
1403636750913555456.000000 3.087256193 3.115262985 -0.960321307 -0.698354304 -0.419991851 -0.497398227 0.297494799
1403636751413555456.000000 2.980804205 3.054766655 -0.700853944 -0.710854471 -0.417178005 -0.483473569 0.294791043
1403636751913555456.000000 2.908995628 3.029243946 -0.502867520 -0.711739063 -0.425655961 -0.465442389 0.309205413
1403636752413555456.000000 2.928057671 3.040395260 -0.327196807 -0.678388000 -0.447801888 -0.481140703 0.328278601
1403636752913555456.000000 2.941675425 3.052360535 -0.156571910 -0.623341858 -0.527730644 -0.442310959 0.370548636
1403636753763555584.000000 2.838793039 3.052314997 -0.141642898 -0.531129181 -0.617395341 -0.382184744 0.436645895
1403636754763555584.000000 2.543319941 2.886709929 -0.058799028 -0.508567750 -0.629560053 -0.380415082 0.447546095
1403636755763555584.000000 2.097839594 2.455628633 -0.008164600 -0.489412248 -0.659567475 -0.347685635 0.452284425
1403636756263555584.000000 1.828782797 2.247662783 0.014852442 -0.486641973 -0.651579738 -0.352877647 0.462710381
1403636756563555584.000000 1.663388729 2.118944883 0.037631035 -0.483809859 -0.652401984 -0.352815390 0.464565456
1403636756863555584.000000 1.499685526 1.975089788 0.042324308 -0.481501758 -0.651634574 -0.351586938 0.468950987
1403636757413555456.000000 1.218610644 1.654564023 0.077939898 -0.480149925 -0.656204581 -0.349087507 0.465821326
1403636757663555584.000000 1.091369271 1.493959427 0.071659505 -0.476647824 -0.673731744 -0.336244434 0.453687131
1403636757913555456.000000 0.947296500 1.353191137 0.113406971 -0.473703414 -0.687639594 -0.316619843 0.450009674
1403636758213555456.000000 0.758764684 1.227162123 0.194648534 -0.459153593 -0.673558474 -0.325072318 0.479400665
1403636758513555456.000000 0.580898285 1.101459265 0.208618268 -0.474636614 -0.678977370 -0.301546782 0.471995175
1403636758813555456.000000 0.423715115 1.019720912 0.193640530 -0.479453117 -0.673757851 -0.297906697 0.476892710
1403636759113555456.000000 0.298617482 0.981802821 0.162151247 -0.469152004 -0.664086342 -0.313268095 0.490661681
1403636759413555456.000000 0.219528913 0.948412478 0.099956423 -0.475750953 -0.657345414 -0.301107526 0.500891447
1403636759663555584.000000 0.205868006 0.924206913 0.033710502 -0.459002733 -0.668984413 -0.322586626 0.487559587
1403636759913555456.000000 0.204476401 0.891605318 0.012185013 -0.458678871 -0.672909677 -0.321388721 0.483234614
1403636760163555584.000000 0.206137985 0.854349792 -0.012163145 -0.467547357 -0.682624936 -0.310180217 0.468199760
1403636760413555456.000000 0.206621736 0.831596196 -0.041485760 -0.458558798 -0.670173347 -0.323471785 0.485754639
1403636760663555584.000000 0.212177470 0.801595688 -0.083820753 -0.459615558 -0.680314183 -0.321047992 0.472074658
1403636760963555584.000000 0.207057744 0.765197277 -0.123680435 -0.452485591 -0.681261480 -0.328418463 0.472526222
1403636761213555456.000000 0.186002612 0.733255982 -0.159739316 -0.464880496 -0.692854226 -0.308796406 0.456600517
1403636761513555456.000000 0.139433011 0.727355182 -0.177041218 -0.459115624 -0.683470011 -0.317611396 0.470324039
1403636761763555584.000000 0.094319656 0.733205497 -0.172160223 -0.463781476 -0.668963671 -0.313593328 0.488931090
1403636762013555456.000000 0.068544149 0.736639261 -0.157599717 -0.462049633 -0.670676827 -0.318226248 0.485216349
1403636762213555456.000000 0.057073511 0.736434281 -0.140051544 -0.448560208 -0.684045136 -0.339659452 0.464227915
1403636762463555584.000000 0.018694919 0.732421577 -0.144813895 -0.468518645 -0.689262807 -0.313014090 0.455444038
1403636762713555456.000000 -0.029861592 0.749688029 -0.194457307 -0.480529696 -0.660253882 -0.295425355 0.495862812
1403636762913555456.000000 -0.031402349 0.759143472 -0.226766631 -0.457354993 -0.642978966 -0.328895867 0.518875659
1403636763113555456.000000 0.002163302 0.737309456 -0.245296121 -0.493007213 -0.637688458 -0.330651999 0.490883589
1403636763513555456.000000 0.008391283 0.724361420 -0.269559860 -0.503602564 -0.630102038 -0.329818070 0.490485400
1403636763713555456.000000 0.010596596 0.713305175 -0.281486362 -0.503765583 -0.630014896 -0.329678059 0.490523994
